4 3
24 15
30 20
119 35 119 119 119 119 35 119 119 119 119 119 119 119 119 119 119 119 119 119 119 119 119 119 119 119 119 119 119 119 
119 35 119 119 119 119 119 35 119 35 35 119 35 35 119 119 35 35 119 35 35 35 35 35 35 35 35 35 35 35 
119 35 35 35 35 35 119 35 119 35 119 35 119 119 119 35 119 119 119 119 119 119 119 119 119 119 119 119 35 119 
119 119 119 119 115 35 119 35 119 35 119 119 35 119 119 119 119 119 35 35 119 119 119 35 35 35 35 119 35 119 
35 119 35 35 119 35 119 119 35 119 119 119 35 35 119 35 35 119 119 119 35 35 119 119 119 119 35 119 35 119 
119 119 119 35 119 35 119 35 119 119 35 119 119 119 119 119 119 119 35 119 35 35 119 35 119 119 35 119 35 119 
119 35 119 35 119 35 119 119 119 35 119 119 35 119 35 119 119 35 119 35 119 119 119 35 119 119 35 119 119 119 
119 35 119 35 119 35 119 35 119 35 119 119 35 119 119 35 119 119 119 119 35 119 119 35 119 119 35 119 35 119 
119 35 119 35 119 35 119 35 119 35 119 119 119 119 119 119 119 35 35 119 35 119 119 35 119 119 35 119 35 119 
35 35 119 35 119 35 119 35 119 35 119 35 119 35 35 35 35 119 119 119 119 35 119 119 119 119 35 119 35 119 
119 119 119 35 35 35 119 35 119 119 119 35 35 119 35 119 119 119 35 119 119 35 119 119 35 119 119 119 35 119 
119 35 119 35 119 119 119 35 35 35 35 35 119 119 119 119 35 119 119 35 119 119 35 119 119 119 35 119 35 119 
119 35 119 35 35 119 35 35 119 119 119 119 119 35 119 119 119 35 119 35 119 119 35 119 35 35 119 119 35 119 
119 35 119 35 119 119 119 119 119 35 119 119 35 119 35 119 35 119 119 119 35 119 119 119 119 119 119 119 35 119 
119 35 35 35 35 35 35 35 119 35 119 35 119 119 35 119 35 119 35 119 119 119 119 35 35 35 35 35 35 119 
119 119 119 119 119 119 119 119 119 119 119 119 119 119 35 119 35 119 35 119 119 119 119 35 101 119 119 119 119 119 
35 35 35 35 35 35 35 35 119 35 35 119 119 35 119 35 119 119 119 35 119 35 35 35 119 35 35 35 35 35 
119 119 119 119 119 119 119 119 119 35 119 119 35 119 119 119 119 35 119 119 119 119 119 119 119 35 119 119 119 119 
119 35 35 35 35 35 35 35 119 35 35 119 119 35 35 35 119 119 35 119 35 35 35 35 35 35 119 35 35 119 
119 119 119 119 119 119 119 119 35 119 119 119 119 119 119 119 35 119 35 119 119 119 119 119 119 119 119 119 119 119 
